Kp=18.0
Ti=21.0
Td=0.0
H3=[0.0, 0.0, 0.0, 0.0, 0.0, 0.0, 0.0, 0.0, 0.0, 0.0, 0.0, 0.0, 0.0, 0.0, 0.0, 0.0, 0.0, 0.0, 0.0, 0.0, 0.0, 0.0, 0.0, 0.0, 0.0, 0.0, 0.0, 0.0, 0.0, 0.0, 0.0, 0.0, 0.0, 0.0, 0.0, 0.0, 0.0, 0.0, 0.0, 0.0, 0.0, 0.0, 0.0, 0.0, 0.0, 0.0, 0.0, 0.0, 0.0, 0.0, 0.0, 0.0, 0.0, 0.0, 0.0, 0.0, 0.0, 0.0, 0.0, 0.0, 0.0, 0.0, 0.0, 0.0, 0.0, 0.0, 0.0, 0.0, 0.0, 0.0, 0.0, 0.0, 0.0, 0.0, 0.0, 0.0, 0.0, 0.0, 0.0, 0.0, 0.0, 0.0, 0.0, 0.0, 0.0, 0.0, 0.0, 0.0, 0.0, 0.0, 0.0, 0.0, 0.0, 0.0, 0.0, 0.0, 0.0, 0.0, 0.0, 0.0, 0.0, 0.0, 0.0, 0.0, 0.0, 0.0, 0.0, 0.0, 0.0, 0.0, 0.0, 0.0, 0.0, 0.0, 0.0, 0.0, 0.0, 0.0, 0.0, 0.0, 0.0, 0.0, 0.0, 0.0, 0.0, 0.0, 0.0, 0.0, 0.0, 0.0, 0.0, 0.0, 0.0, 0.0, 0.0, 0.0, 0.0, 0.0, 0.0, 0.0, 0.0, 0.0, 0.0, 0.0, 0.0, 0.271708348398209, 0.5124648419970995, 0.7354169692990506, 0.9446489137634361, 1.1425133260350457, 1.3305921083023824, 1.510042281653253, 1.6817568344913352, 1.846451321675674, 2.004715247524268, 2.157044760722684, 2.3038645889489495, 2.445543379516376, 2.5824047949024296, 2.7147357635768277, 2.842792760098402, 2.9668066810811546, 3.0869866964074393, 3.2035233368460436, 3.3165910022320975, 3.426350022839043, 3.5329483712637977, 3.636523097435429, 3.7372015417356743, 3.835102368438763, 3.930336452265643, 4.023007643819274, 4.113213434352519, 4.201045536253831, 4.2865903924916235, 4.369929625802863, 4.45114043647651, 4.530295956044693, 4.607465562962782, 4.6827151653656065, 4.756107455179556, 4.8277021372099425, 4.8975561362797615, 4.965723785046502, 5.032256994749728, 5.097205410829554, 5.160616555093497, 5.222535955887537, 5.2830072675393565, 5.342072380181832, 5.399771520928261, 5.456143347253641, 5.5112250333354895, 5.565052350020645, 5.617659739009044, 5.669080381779927, 5.71934626372879, 5.7684882339334616, 5.816536060923914, 5.863518484791954, 5.909463265943056, 5.954397230762668, 5.998346314442846, 6.041335601191565, 6.083389362026162, 6.124531090333761, 6.164783535364907, 6.204168733811781, 6.242708039609044, 6.2804221520834, 6.317331142567226, 6.353454479581924, 6.388811052687898, 6.423419195090187, 6.457296705081602, 6.490460866398768, 6.522928467560551, 6.554715820253024, 6.585838776820266, 6.616312746915802, 6.646152713365495, 6.675373247288964, 6.703988522523214, 6.732012329389085, 6.759458087838241, 6.78633886001584, 6.812667362271604, 6.838455976649806, 6.863716761886635, 6.888461463941553, 6.912701526087498, 6.936448098583189, 6.959712047949321, 6.982503965869051, 7.004834177731917, 7.026712750839142, 7.048149502287194, 7.069154006545448, 7.089735602742862, 7.109903401677683, 7.129666292563401, 7.149032949523392, 7.168011837845994, 7.186611220011074, 7.204839161498557, 7.222703536388775, 7.24021203276398, 7.257372157919837, 7.274191243395267, 7.290676449828513, 7.306834771646959, 7.322673041597773, 7.338197935126113, 7.353415974607284, 7.368333533438912, 7.382956839998882, 7.397291981474517, 7.411344907568197, 7.425121434084367, 7.4386272464026275, 7.451867902841401, 7.46484883791643, 7.477575365498178, 7.490052681871996, 7.502285868704761, 7.5142798959215025, 7.526039624495379, 7.537569809154219, 7.548875101006689, 7.559960050091019, 7.570829107849087, 7.581486629528538, 7.591936876515498, 7.602184018600337, 7.612232136178819, 7.622085222390901, 7.631747185199306, 7.641221849409967, 7.650512958636279, 7.659624177209088, 7.668559092034217, 7.67732121439927, 7.685913981731401, 7.6943407593076465, 7.702604841919361, 7.7107094554922515, 7.71865775866342, 7.726452844316798, 7.734097741078272, 7.741595414771793, 7.748948769837661, 7.75616065071417, 7.763233843183752, 7.77017107568468, 7.776975020589411, 7.783648295450545, 7.790193464215395, 7.796613038410095, 7.497537448203373, 7.204310810687374, 6.916933125866078, 6.635404393743894, 6.35972461432571, 6.089893787616962, 5.825911913623702, 5.567778992352691, 5.3154950238115, 5.0690600080086226, 4.828473944953623, 4.593736834657294, 4.3648486771318575, 4.141809472391192, 3.9246192204511146, 3.7132779213297122, 3.5077855750477447, 3.308142181629133, 3.1143477411015557, 2.9264022534971788, 2.7443057188535587, 2.5680581372147633, 2.3976595086327745, 2.2331098331692583, 2.0744091108978098, 1.9215573419068357, 1.7745545263032791, 1.633400664217485, 1.498095755809624, 1.3686398012782706, 1.245032800872003, 1.1272747549053048, 1.015365663780691, 0.9093055280200102, 0.8090943483095361, 0.7147321255662529, 0.6262188610375263, 0.5435545564548403, 0.4667392142778788, 0.39577283809507874, 0.3306554333065895, 0.2713870083420471, 0.2179675769504237, 0.17039716279089562, 0.12867580939420986, 0.09280360405366543, 0.06278074317432286, 0.038607746592158224, 0.020286379101873305, 0.007825974269001803, 0.0014222033987090653, -6.1720832136154E-4, -6.1720832136154E-4, -6.1720832136154E-4, -6.1720832136154E-4, -6.1720832136154E-4, -6.1720832136154E-4, -6.1720832136154E-4, -6.1720832136154E-4, -6.1720832136154E-4, -6.1720832136154E-4, -6.1720832136154E-4, -6.1720832136154E-4, -6.1720832136154E-4, -6.1720832136154E-4, -6.1720832136154E-4, -6.1720832136154E-4, -6.1720832136154E-4, -6.1720832136154E-4, -6.1720832136154E-4, -6.1720832136154E-4, -6.1720832136154E-4, -6.1720832136154E-4, -6.1720832136154E-4, -6.1720832136154E-4, -6.1720832136154E-4, -6.1720832136154E-4, -6.1720832136154E-4, -6.1720832136154E-4, -6.1720832136154E-4, -6.1720832136154E-4, -6.1720832136154E-4, -6.1720832136154E-4, -6.1720832136154E-4, -6.1720832136154E-4, -6.1720832136154E-4, -6.1720832136154E-4, -6.1720832136154E-4, -6.1720832136154E-4, -6.1720832136154E-4, -6.1720832136154E-4, -6.1720832136154E-4, -6.1720832136154E-4, -6.1720832136154E-4, -6.1720832136154E-4, -6.1720832136154E-4, -6.1720832136154E-4, -6.1720832136154E-4, -6.1720832136154E-4, -6.1720832136154E-4, -6.1720832136154E-4, -6.1720832136154E-4, -6.1720832136154E-4, -6.1720832136154E-4, -6.1720832136154E-4, -6.1720832136154E-4, -6.1720832136154E-4, -6.1720832136154E-4, -6.1720832136154E-4, -6.1720832136154E-4, -6.1720832136154E-4, -6.1720832136154E-4, -6.1720832136154E-4, -6.1720832136154E-4, -6.1720832136154E-4, -6.1720832136154E-4, -6.1720832136154E-4, -6.1720832136154E-4, -6.1720832136154E-4, -6.1720832136154E-4, -6.1720832136154E-4, -6.1720832136154E-4, -6.1720832136154E-4, -6.1720832136154E-4, -6.1720832136154E-4, -6.1720832136154E-4, -6.1720832136154E-4, -6.1720832136154E-4, -6.1720832136154E-4, -6.1720832136154E-4, -6.1720832136154E-4, -6.1720832136154E-4, -6.1720832136154E-4, -6.1720832136154E-4, -6.1720832136154E-4, -6.1720832136154E-4, -6.1720832136154E-4, -6.1720832136154E-4, -6.1720832136154E-4, -6.1720832136154E-4, -6.1720832136154E-4, -6.1720832136154E-4, -6.1720832136154E-4, -6.1720832136154E-4, -6.1720832136154E-4, -6.1720832136154E-4, -6.1720832136154E-4, -6.1720832136154E-4, -6.1720832136154E-4, -6.1720832136154E-4, -6.1720832136154E-4, -6.1720832136154E-4, -6.1720832136154E-4, -6.1720832136154E-4, -6.1720832136154E-4, -6.1720832136154E-4, -6.1720832136154E-4, -6.1720832136154E-4, -6.1720832136154E-4, -6.1720832136154E-4, -6.1720832136154E-4, -6.1720832136154E-4, -6.1720832136154E-4, -6.1720832136154E-4, -6.1720832136154E-4, -6.1720832136154E-4, -6.1720832136154E-4, -6.1720832136154E-4, -6.1720832136154E-4, -6.1720832136154E-4, -6.1720832136154E-4, -6.1720832136154E-4, -6.1720832136154E-4, -6.1720832136154E-4, -6.1720832136154E-4, -6.1720832136154E-4, -6.1720832136154E-4, -6.1720832136154E-4, -6.1720832136154E-4, -6.1720832136154E-4, -6.1720832136154E-4, -6.1720832136154E-4, -6.1720832136154E-4, -6.1720832136154E-4, -6.1720832136154E-4, -6.1720832136154E-4, -6.1720832136154E-4, -6.1720832136154E-4, -6.1720832136154E-4, -6.1720832136154E-4, -6.1720832136154E-4, -6.1720832136154E-4, -6.1720832136154E-4, -6.1720832136154E-4, -6.1720832136154E-4, -6.1720832136154E-4, -6.1720832136154E-4, -6.1720832136154E-4, -6.1720832136154E-4, -6.1720832136154E-4, -6.1720832136154E-4, -6.1720832136154E-4, -6.1720832136154E-4, -6.1720832136154E-4]
